21
0 0 0 0 0 0 0 1 1 0 1 1 1 1 0 0 0 1 0 0 1
1 1 1 0 0 1 0 0 0 1 0 0 0 0 1 1 1 0 1 1 0
0 0 1 1 1 1 0 1 1 0 0 1 0 0 1 1 0 0 0 1 1
0 1 1 0 1 1 0 1 0 1 0 0 1 0 0 0 0 0 1 1 0
1 1 0 0 1 0 1 0 0 1 1 1 1 0 0 0 0 0 0 0 0
0 1 1 0 1 1 1 0 1 1 1 0 0 0 1 1 1 1 0 0 1
0 1 0 0 0 1 0 1 0 0 0 1 1 1 0 0 1 1 0 1 0
0 0 0 0 1 1 0 0 1 1 0 0 0 0 0 1 1 1 1 1 1
0 0 1 0 0 1 0 0 1 0 1 1 0 0 1 0 1 0 1 1 1
0 0 0 0 1 1 0 0 1 1 1 0 0 0 0 1 1 0 0 0 1
0 1 1 0 1 1 0 0 1 1 0 0 0 1 1 1 1 0 1 1 0
0 0 1 0 0 1 1 1 1 0 1 1 0 1 1 1 0 0 0 0 1
0 1 1 0 0 1 1 1 1 0 0 0 1 0 1 1 0 1 0 1 1
1 1 1 1 1 0 0 0 0 1 0 0 1 1 0 1 1 1 0 0 1
0 0 0 1 1 0 1 1 1 1 0 0 0 0 0 0 1 1 1 1 1
1 0 1 1 0 1 0 1 0 0 1 0 0 1 1 0 1 0 1 1 0
0 0 1 1 0 0 1 1 0 0 1 1 0 0 1 1 1 1 0 0 1
0 0 0 1 0 0 1 1 0 1 0 1 0 1 1 0 0 1 1 0 1
0 0 0 0 1 1 1 0 1 0 1 1 1 0 1 1 0 0 1 1 0
1 1 0 1 1 0 0 1 1 0 1 1 0 1 1 1 1 1 0 1 0
1 0 0 1 1 0 1 1 1 1 1 0 1 0 1 1 0 0 0 0 0

102515160


5
1 0 1 1 1
1 0 0 0 1
0 1 0 1 1
1 1 0 0 1
1 1 1 1 1

12
a[0,0]:1 a[3,1]:1 a[4,2]:1 a[2,3]:1 a[1,4]:1 
a[1,0]:1 a[2,1]:1 a[0,2]:1 a[4,3]:1 a[3,4]:1 
a[1,0]:1 a[2,1]:1 a[4,2]:1 a[0,3]:1 a[3,4]:1 
a[1,0]:1 a[3,1]:1 a[0,2]:1 a[2,3]:1 a[4,4]:1 
a[1,0]:1 a[3,1]:1 a[0,2]:1 a[4,3]:1 a[2,4]:1 
a[1,0]:1 a[3,1]:1 a[4,2]:1 a[0,3]:1 a[2,4]:1 
a[1,0]:1 a[3,1]:1 a[4,2]:1 a[2,3]:1 a[0,4]:1 
a[1,0]:1 a[4,1]:1 a[0,2]:1 a[2,3]:1 a[3,4]:1 
a[3,0]:1 a[2,1]:1 a[0,2]:1 a[4,3]:1 a[1,4]:1 
a[3,0]:1 a[2,1]:1 a[4,2]:1 a[0,3]:1 a[1,4]:1 
a[3,0]:1 a[4,1]:1 a[0,2]:1 a[2,3]:1 a[1,4]:1 
a[4,0]:1 a[3,1]:1 a[0,2]:1 a[2,3]:1 a[1,4]:1 


10
0 0 0 0 0 1 1 0 1 0
1 0 1 1 0 1 0 1 1 1
1 0 1 1 1 0 1 1 0 1
1 0 1 1 0 0 1 1 1 1
1 0 0 0 0 1 1 1 1 1
0 1 1 0 1 1 0 1 1 1
1 1 1 1 0 0 0 1 0 1
0 1 0 1 0 0 1 0 0 1
1 1 1 0 0 1 0 0 1 1
1 0 0 0 1 1 0 1 1 1

13695


10
0 0 0 0 0 1 1 0 0 0
0 1 1 0 0 1 0 0 1 0
0 1 0 0 1 0 1 1 0 0
0 0 1 0 0 0 1 0 1 1
0 0 1 1 0 0 0 0 1 0
1 1 1 1 0 0 0 1 1 0
0 0 1 1 0 0 0 0 0 0
0 0 0 0 0 0 0 1 0 1
0 0 0 1 0 0 0 0 0 0
0 0 0 1 1 0 1 0 1 0

4
a[5,0]:1 a[1,1]:1 a[6,2]:1 a[8,3]:1 a[2,4]:1 a[0,5]:1 a[9,6]:1 a[7,7]:1 a[4,8]:1 a[3,9]:1 
a[5,0]:1 a[1,1]:1 a[6,2]:1 a[8,3]:1 a[9,4]:1 a[0,5]:1 a[2,6]:1 a[7,7]:1 a[4,8]:1 a[3,9]:1 
a[5,0]:1 a[1,1]:1 a[6,2]:1 a[8,3]:1 a[9,4]:1 a[0,5]:1 a[3,6]:1 a[2,7]:1 a[4,8]:1 a[7,9]:1 
a[5,0]:1 a[2,1]:1 a[6,2]:1 a[8,3]:1 a[9,4]:1 a[1,5]:1 a[0,6]:1 a[7,7]:1 a[4,8]:1 a[3,9]:1 


10
1 0 0 0 1 0 0 0 1 0
1 1 0 0 1 1 1 0 1 1
1 1 1 0 0 0 0 1 0 0
0 0 0 0 1 0 1 1 0 1
0 1 1 0 0 0 1 0 0 1
0 0 1 1 1 0 1 1 1 0
1 0 0 0 1 1 1 0 1 1
0 1 1 0 1 0 1 1 0 0
0 1 1 0 0 1 0 1 1 1
0 1 0 0 1 0 1 1 0 0

1037


1
1

1


1
0

0


4
0 1 0 0
0 0 0 1
1 0 0 0
0 0 1 0

1


3
0 1 1
1 0 1
1 1 1

3

